            * /home/fossee/esim-workspace/oscillator/oscillator.cir
            Transient Analysis  Tue Mar 29 15:10:47  2016
--------------------------------------------------------------------------------
Index   time            alli            
--------------------------------------------------------------------------------
0	1.014106e-03	-1.74441e-03	
1	1.042635e-03	-1.74410e-03	
2	1.065560e-03	-1.74352e-03	
3	1.092256e-03	-1.74293e-03	
4	1.116892e-03	-1.74288e-03	
5	1.141780e-03	-1.74346e-03	
6	1.165547e-03	-1.74430e-03	
7	1.190852e-03	-1.74490e-03	
8	1.220859e-03	-1.74458e-03	
9	1.245322e-03	-1.74356e-03	
10	1.269046e-03	-1.74252e-03	
11	1.294302e-03	-1.74214e-03	
12	1.319921e-03	-1.74293e-03	
13	1.342774e-03	-1.74433e-03	
14	1.368633e-03	-1.74564e-03	
15	1.394538e-03	-1.74566e-03	
16	1.419371e-03	-1.74421e-03	
17	1.443315e-03	-1.74222e-03	
18	1.468551e-03	-1.74094e-03	
19	1.500135e-03	-1.74198e-03	
20	1.524191e-03	-1.74444e-03	
21	1.548061e-03	-1.74680e-03	
22	1.573135e-03	-1.74737e-03	
23	1.598009e-03	-1.74530e-03	
24	1.621433e-03	-1.74190e-03	
25	1.646829e-03	-1.73907e-03	
26	1.674474e-03	-1.73954e-03	
27	1.699394e-03	-1.74335e-03	
28	1.725283e-03	-1.74822e-03	
29	1.749560e-03	-1.75035e-03	
30	1.777989e-03	-1.74739e-03	
31	1.800704e-03	-1.74176e-03	
32	1.827460e-03	-1.73598e-03	
33	1.851883e-03	-1.73545e-03	
34	1.876597e-03	-1.74090e-03	
35	1.900356e-03	-1.74906e-03	
36	1.925613e-03	-1.75502e-03	
37	1.955245e-03	-1.75232e-03	
38	1.979717e-03	-1.74261e-03	
39	2.006110e-03	-1.73156e-03	
40	2.029916e-03	-1.72837e-03	
41	2.055324e-03	-1.73598e-03	
42	2.078149e-03	-1.74947e-03	
43	2.103918e-03	-1.76224e-03	
44	2.129822e-03	-1.76253e-03	
45	2.154600e-03	-1.74862e-03	
46	2.178503e-03	-1.72934e-03	
47	2.203724e-03	-1.71676e-03	
48	2.235052e-03	-1.72638e-03	
49	2.259102e-03	-1.75013e-03	
50	2.282824e-03	-1.77309e-03	
51	2.307975e-03	-1.77931e-03	
52	2.332888e-03	-1.75982e-03	
53	2.356194e-03	-1.72708e-03	
54	2.381629e-03	-1.69907e-03	

Index   time            alli            
--------------------------------------------------------------------------------
55	2.408822e-03	-1.70230e-03	
56	2.433653e-03	-1.73818e-03	
57	2.459638e-03	-1.78589e-03	
58	2.483905e-03	-1.80819e-03	
59	2.514162e-03	-1.77857e-03	
60	2.537205e-03	-1.72302e-03	
61	2.561639e-03	-1.67064e-03	
62	2.586993e-03	-1.66359e-03	
63	2.611663e-03	-1.71545e-03	
64	2.635470e-03	-1.79457e-03	
65	2.660733e-03	-1.85328e-03	
66	2.690228e-03	-1.82926e-03	
67	2.714830e-03	-1.73553e-03	
68	2.741175e-03	-1.62822e-03	
69	2.764906e-03	-1.59606e-03	
70	2.790332e-03	-1.66806e-03	
71	2.813208e-03	-1.79827e-03	
72	2.838957e-03	-1.92322e-03	
73	2.864868e-03	-1.92893e-03	
74	2.889714e-03	-1.79570e-03	
75	2.913319e-03	-1.61119e-03	
76	2.938534e-03	-1.48803e-03	
77	2.969060e-03	-1.57300e-03	
78	2.992997e-03	-1.79718e-03	
79	3.016731e-03	-2.02267e-03	
80	3.042151e-03	-2.09363e-03	
81	3.068702e-03	-1.89741e-03	
82	3.091971e-03	-1.58239e-03	
83	3.117729e-03	-1.32284e-03	
84	3.144264e-03	-1.37058e-03	
85	3.168361e-03	-1.70712e-03	
86	3.193386e-03	-2.14505e-03	
87	3.218255e-03	-2.36473e-03	
88	3.243187e-03	-2.16632e-03	
89	3.266256e-03	-1.66808e-03	
90	3.291565e-03	-1.14150e-03	
91	3.314400e-03	-1.02397e-03	
92	3.338265e-03	-1.40148e-03	
93	3.363873e-03	-2.14487e-03	
94	3.387869e-03	-2.64112e-03	
95	3.401623e-03	-2.64020e-03	
96	3.414647e-03	-2.40449e-03	
97	3.427415e-03	-1.99078e-03	
98	3.440511e-03	-1.47042e-03	
99	3.462465e-03	-8.12290e-04	
100	3.484751e-03	-7.51301e-04	
101	3.505808e-03	-1.32046e-03	
102	3.527160e-03	-2.26486e-03	
103	3.544617e-03	-2.64750e-03	
104	3.558075e-03	-2.47222e-03	
105	3.571474e-03	-1.98689e-03	
106	3.583575e-03	-1.39915e-03	
107	3.600525e-03	-7.66573e-04	
108	3.618135e-03	-5.92229e-04	
109	3.634153e-03	-8.76853e-04	
110	3.650046e-03	-1.51581e-03	
111	3.670203e-03	-2.53372e-03	
112	3.683992e-03	-2.64999e-03	

Index   time            alli            
--------------------------------------------------------------------------------
113	3.694099e-03	-2.29506e-03	
114	3.701063e-03	-1.92372e-03	
115	3.707640e-03	-1.51510e-03	
116	3.717921e-03	-9.72255e-04	
117	3.726076e-03	-7.20212e-04	
118	3.735364e-03	-5.81709e-04	
119	3.746427e-03	-6.09923e-04	
120	3.757945e-03	-8.48865e-04	
121	3.780981e-03	-1.81957e-03	
122	3.800225e-03	-2.64478e-03	
123	3.812806e-03	-2.64932e-03	
124	3.825082e-03	-2.14855e-03	
125	3.832142e-03	-1.72598e-03	
126	3.839626e-03	-1.24506e-03	
127	3.852958e-03	-7.24840e-04	
128	3.863679e-03	-5.78958e-04	
129	3.873650e-03	-6.14434e-04	
130	3.883735e-03	-8.20560e-04	
131	3.903903e-03	-1.64485e-03	
132	3.921261e-03	-2.56897e-03	
133	3.934419e-03	-2.65076e-03	
134	3.947153e-03	-2.05094e-03	
135	3.956690e-03	-1.39146e-03	
136	3.965889e-03	-9.19427e-04	
137	3.972312e-03	-7.34692e-04	
138	3.979173e-03	-6.15783e-04	
139	3.987068e-03	-5.61187e-04	
140	3.995300e-03	-6.24380e-04	
141	4.009769e-03	-9.90058e-04	
142	4.034145e-03	-2.12593e-03	
143	4.052398e-03	-2.64840e-03	
144	4.064166e-03	-2.60475e-03	
145	4.077370e-03	-2.26069e-03	
146	4.089413e-03	-1.75893e-03	
147	4.106379e-03	-1.01981e-03	
148	4.126879e-03	-5.84971e-04	
149	4.148556e-03	-8.83594e-04	
150	4.170639e-03	-1.87290e-03	
151	4.188924e-03	-2.64644e-03	
152	4.200516e-03	-2.64973e-03	
153	4.212343e-03	-2.19912e-03	
154	4.223816e-03	-1.54133e-03	
155	4.234656e-03	-9.72510e-04	
156	4.247764e-03	-6.17529e-04	
157	4.260340e-03	-5.83807e-04	
158	4.273610e-03	-8.55606e-04	
159	4.289337e-03	-1.51229e-03	
160	4.304664e-03	-2.36676e-03	
161	4.318101e-03	-2.65032e-03	
162	4.331485e-03	-2.35059e-03	
163	4.341971e-03	-1.84585e-03	
164	4.352514e-03	-1.25052e-03	
165	4.367971e-03	-6.96290e-04	
166	4.382930e-03	-6.24303e-04	
167	4.396020e-03	-8.59345e-04	
168	4.408577e-03	-1.35006e-03	
169	4.433691e-03	-2.62966e-03	
170	4.448975e-03	-2.65156e-03	

Index   time            alli            
--------------------------------------------------------------------------------
171	4.462865e-03	-1.78978e-03	
172	4.471884e-03	-1.16723e-03	
173	4.480877e-03	-8.01889e-04	
174	4.491087e-03	-6.06584e-04	
175	4.502328e-03	-5.80174e-04	
176	4.512774e-03	-7.56651e-04	
177	4.531918e-03	-1.49657e-03	
178	4.548348e-03	-2.40500e-03	
179	4.562212e-03	-2.65094e-03	
180	4.575940e-03	-2.23792e-03	
181	4.587067e-03	-1.61602e-03	
182	4.598401e-03	-1.00212e-03	
183	4.619941e-03	-4.92738e-04	
184	4.636024e-03	-7.49496e-04	
185	4.651884e-03	-1.42765e-03	
186	4.669295e-03	-2.48006e-03	
187	4.682653e-03	-2.65199e-03	
188	4.695692e-03	-2.09751e-03	
189	4.705856e-03	-1.40802e-03	
190	4.716684e-03	-8.71668e-04	
191	4.726387e-03	-6.40112e-04	
192	4.735816e-03	-5.93117e-04	
193	4.746053e-03	-6.82250e-04	
194	4.759035e-03	-1.07860e-03	
195	4.777330e-03	-1.96413e-03	
196	4.792895e-03	-2.64792e-03	
197	4.804685e-03	-2.65047e-03	
198	4.816179e-03	-2.26622e-03	
199	4.828212e-03	-1.60545e-03	
200	4.840801e-03	-9.59303e-04	
201	4.861522e-03	-5.04608e-04	
202	4.879732e-03	-8.69424e-04	
203	4.897820e-03	-1.75393e-03	
204	4.915177e-03	-2.64751e-03	
205	4.927498e-03	-2.65164e-03	
206	4.939524e-03	-2.13250e-03	
207	4.949956e-03	-1.44767e-03	
208	4.961907e-03	-8.61740e-04	
209	4.975124e-03	-5.79452e-04	
210	4.987266e-03	-6.54105e-04	
211	4.998423e-03	-9.23923e-04	
212	5.000000e-03	-9.97349e-04	
