* /home/fossee/esim-workspace/astablemultivibratoric555/astablemultivibratoric555.cir
Transient Analysis  Fri May 27 16:43:15  2016
--------------------------------------------------------------------------------
Index   time            a               net-_c2-pad1_   net-_r1-pad1_   
--------------------------------------------------------------------------------
0	0.000000e+00	0.000000e+00	3.326405e+00	5.000000e+00	
1	5.000000e-10	2.284146e-03	3.326405e+00	5.000000e+00	
2	1.000000e-09	4.567244e-03	3.326405e+00	5.000000e+00	
3	2.000000e-09	9.131341e-03	3.326405e+00	5.000000e+00	
4	4.000000e-09	1.824696e-02	3.326405e+00	5.000000e+00	
5	8.000000e-09	3.642803e-02	3.326405e+00	5.000000e+00	
6	1.600000e-08	7.259038e-02	3.326405e+00	5.000000e+00	
7	3.200000e-08	1.441232e-01	3.326405e+00	5.000000e+00	
8	6.400000e-08	2.840789e-01	3.326406e+00	5.000000e+00	
9	1.140000e-07	4.947043e-01	3.326407e+00	5.000000e+00	
10	1.640000e-07	6.958680e-01	3.326409e+00	5.000000e+00	
11	2.140000e-07	8.879950e-01	3.326412e+00	5.000000e+00	
12	2.640000e-07	1.071491e+00	3.326416e+00	5.000000e+00	
13	3.140000e-07	1.246745e+00	3.326420e+00	5.000000e+00	
14	3.640000e-07	1.414125e+00	3.326425e+00	5.000000e+00	
15	4.140000e-07	1.573986e+00	3.326431e+00	5.000000e+00	
16	4.640000e-07	1.726667e+00	3.326437e+00	5.000000e+00	
17	5.140000e-07	1.872488e+00	3.326444e+00	5.000000e+00	
18	5.640000e-07	2.011759e+00	3.326451e+00	5.000000e+00	
19	6.140000e-07	2.144773e+00	3.326459e+00	5.000000e+00	
20	6.640000e-07	2.271813e+00	3.326467e+00	5.000000e+00	
21	7.140000e-07	2.393145e+00	3.326475e+00	5.000000e+00	
22	7.640000e-07	2.509027e+00	3.326485e+00	5.000000e+00	
23	8.140000e-07	2.619703e+00	3.326494e+00	5.000000e+00	
24	8.640000e-07	2.725407e+00	3.326504e+00	5.000000e+00	
25	9.140000e-07	2.826363e+00	3.326514e+00	5.000000e+00	
26	9.640000e-07	2.922784e+00	3.326525e+00	5.000000e+00	
27	1.014000e-06	3.014874e+00	3.326536e+00	5.000000e+00	
28	1.064000e-06	3.102826e+00	3.326547e+00	5.000000e+00	
29	1.114000e-06	3.186828e+00	3.326559e+00	5.000000e+00	
30	1.164000e-06	3.267056e+00	3.326570e+00	5.000000e+00	
31	1.214000e-06	3.343680e+00	3.326583e+00	5.000000e+00	
32	1.215002e-06	3.345179e+00	3.326583e+00	5.000000e+00	
33	1.215102e-06	3.345327e+00	3.326583e+00	5.000000e+00	
34	1.215302e-06	3.345145e+00	3.326583e+00	5.000000e+00	
35	1.215702e-06	3.343825e+00	3.326583e+00	5.000000e+00	
36	1.216002e-06	3.342832e+00	3.326583e+00	5.000000e+00	
37	1.216082e-06	3.342566e+00	3.326583e+00	5.000000e+00	
38	1.216242e-06	3.342036e+00	3.326583e+00	5.000000e+00	
39	1.216562e-06	3.340975e+00	3.326583e+00	5.000000e+00	
40	1.217202e-06	3.338855e+00	3.326583e+00	5.000000e+00	
41	1.218482e-06	3.334619e+00	3.326584e+00	5.000000e+00	
42	1.221042e-06	3.326164e+00	3.326584e+00	5.000000e+00	
43	1.226162e-06	3.309318e+00	3.326586e+00	5.000000e+00	
44	1.236402e-06	3.275886e+00	3.326588e+00	5.000000e+00	
45	1.256882e-06	3.210048e+00	3.326593e+00	5.000000e+00	
46	1.297842e-06	3.082375e+00	3.326602e+00	5.000000e+00	
47	1.347842e-06	2.933505e+00	3.326613e+00	5.000000e+00	
48	1.397842e-06	2.791966e+00	3.326624e+00	5.000000e+00	
49	1.447842e-06	2.657397e+00	3.326634e+00	5.000000e+00	
50	1.497842e-06	2.529455e+00	3.326643e+00	5.000000e+00	
51	1.547842e-06	2.407813e+00	3.326652e+00	5.000000e+00	
52	1.597842e-06	2.292161e+00	3.326660e+00	5.000000e+00	
53	1.647842e-06	2.182205e+00	3.326668e+00	5.000000e+00	
54	1.697842e-06	2.077663e+00	3.326676e+00	5.000000e+00	

Index   time            a               net-_c2-pad1_   net-_r1-pad1_   
--------------------------------------------------------------------------------
55	1.747842e-06	1.978269e+00	3.326683e+00	5.000000e+00	
56	1.797842e-06	1.883770e+00	3.326690e+00	5.000000e+00	
57	1.847842e-06	1.793924e+00	3.326696e+00	5.000000e+00	
58	1.897842e-06	1.708503e+00	3.326702e+00	5.000000e+00	
59	1.947842e-06	1.627288e+00	3.326708e+00	5.000000e+00	
60	1.948844e-06	1.625702e+00	3.326708e+00	5.000000e+00	
61	1.948944e-06	1.625545e+00	3.326708e+00	5.000000e+00	
62	1.949144e-06	1.625229e+00	3.326708e+00	5.000000e+00	
63	1.949544e-06	1.624604e+00	3.326708e+00	5.000000e+00	
64	1.949844e-06	1.624833e+00	3.326708e+00	5.000000e+00	
65	1.949924e-06	1.625079e+00	3.326708e+00	5.000000e+00	
66	1.950084e-06	1.625571e+00	3.326708e+00	5.000000e+00	
67	1.950404e-06	1.626555e+00	3.326708e+00	5.000000e+00	
68	1.951044e-06	1.628523e+00	3.326709e+00	5.000000e+00	
69	1.952324e-06	1.632455e+00	3.326709e+00	5.000000e+00	
70	1.954884e-06	1.640305e+00	3.326709e+00	5.000000e+00	
71	1.960004e-06	1.655950e+00	3.326710e+00	5.000000e+00	
72	1.970244e-06	1.687020e+00	3.326711e+00	5.000000e+00	
73	1.990724e-06	1.748290e+00	3.326713e+00	5.000000e+00	
74	2.031684e-06	1.867435e+00	3.326718e+00	5.000000e+00	
75	2.081684e-06	2.006933e+00	3.326725e+00	5.000000e+00	
76	2.131684e-06	2.140165e+00	3.326732e+00	5.000000e+00	
77	2.181684e-06	2.267411e+00	3.326740e+00	5.000000e+00	
78	2.231684e-06	2.388941e+00	3.326748e+00	5.000000e+00	
79	2.281684e-06	2.505012e+00	3.326757e+00	5.000000e+00	
80	2.331684e-06	2.615869e+00	3.326766e+00	5.000000e+00	
81	2.381684e-06	2.721745e+00	3.326776e+00	5.000000e+00	
82	2.431684e-06	2.822866e+00	3.326785e+00	5.000000e+00	
83	2.481684e-06	2.919444e+00	3.326796e+00	5.000000e+00	
84	2.531684e-06	3.011684e+00	3.326806e+00	5.000000e+00	
85	2.581684e-06	3.099780e+00	3.326817e+00	5.000000e+00	
86	2.631684e-06	3.183918e+00	3.326828e+00	5.000000e+00	
87	2.681684e-06	3.264277e+00	3.326840e+00	5.000000e+00	
88	2.731684e-06	3.341026e+00	3.326851e+00	5.000000e+00	
89	2.732686e-06	3.342528e+00	3.326852e+00	5.000000e+00	
90	2.732786e-06	3.342675e+00	3.326852e+00	5.000000e+00	
91	2.732986e-06	3.342494e+00	3.326852e+00	5.000000e+00	
92	2.733386e-06	3.341176e+00	3.326852e+00	5.000000e+00	
93	2.733686e-06	3.340183e+00	3.326852e+00	5.000000e+00	
94	2.733766e-06	3.339918e+00	3.326852e+00	5.000000e+00	
95	2.733926e-06	3.339388e+00	3.326852e+00	5.000000e+00	
96	2.734246e-06	3.338328e+00	3.326852e+00	5.000000e+00	
97	2.734886e-06	3.336210e+00	3.326852e+00	5.000000e+00	
98	2.736166e-06	3.331977e+00	3.326852e+00	5.000000e+00	
99	2.738726e-06	3.323528e+00	3.326853e+00	5.000000e+00	
100	2.743846e-06	3.306696e+00	3.326854e+00	5.000000e+00	
101	2.754086e-06	3.273291e+00	3.326857e+00	5.000000e+00	
102	2.774566e-06	3.207507e+00	3.326861e+00	5.000000e+00	
103	2.815526e-06	3.079937e+00	3.326870e+00	5.000000e+00	
104	2.865526e-06	2.931187e+00	3.326881e+00	5.000000e+00	
105	2.915526e-06	2.789762e+00	3.326891e+00	5.000000e+00	
106	2.965526e-06	2.655302e+00	3.326900e+00	5.000000e+00	
107	3.015526e-06	2.527463e+00	3.326909e+00	5.000000e+00	
108	3.065526e-06	2.405919e+00	3.326918e+00	5.000000e+00	
109	3.115526e-06	2.290361e+00	3.326926e+00	5.000000e+00	
110	3.165526e-06	2.180493e+00	3.326933e+00	5.000000e+00	
111	3.215526e-06	2.076036e+00	3.326941e+00	5.000000e+00	
112	3.265526e-06	1.976722e+00	3.326947e+00	5.000000e+00	

Index   time            a               net-_c2-pad1_   net-_r1-pad1_   
--------------------------------------------------------------------------------
113	3.315526e-06	1.882299e+00	3.326954e+00	5.000000e+00	
114	3.365526e-06	1.792526e+00	3.326960e+00	5.000000e+00	
115	3.415526e-06	1.707174e+00	3.326966e+00	5.000000e+00	
116	3.465526e-06	1.626024e+00	3.326971e+00	5.000000e+00	
117	3.466528e-06	1.624440e+00	3.326971e+00	5.000000e+00	
118	3.466628e-06	1.624282e+00	3.326971e+00	5.000000e+00	
119	3.466828e-06	1.623967e+00	3.326971e+00	5.000000e+00	
120	3.467228e-06	1.623342e+00	3.326971e+00	5.000000e+00	
121	3.467528e-06	1.623571e+00	3.326971e+00	5.000000e+00	
122	3.467608e-06	1.623818e+00	3.326971e+00	5.000000e+00	
123	3.467768e-06	1.624310e+00	3.326971e+00	5.000000e+00	
124	3.468088e-06	1.625295e+00	3.326971e+00	5.000000e+00	
125	3.468728e-06	1.627263e+00	3.326971e+00	5.000000e+00	
126	3.470008e-06	1.631197e+00	3.326971e+00	5.000000e+00	
127	3.472568e-06	1.639050e+00	3.326972e+00	5.000000e+00	
128	3.477688e-06	1.654700e+00	3.326972e+00	5.000000e+00	
129	3.487928e-06	1.685782e+00	3.326973e+00	5.000000e+00	
130	3.508408e-06	1.747076e+00	3.326976e+00	5.000000e+00	
131	3.549368e-06	1.866266e+00	3.326980e+00	5.000000e+00	
132	3.599368e-06	2.005816e+00	3.326987e+00	5.000000e+00	
133	3.649368e-06	2.139098e+00	3.326994e+00	5.000000e+00	
134	3.699368e-06	2.266392e+00	3.327001e+00	5.000000e+00	
135	3.749368e-06	2.387968e+00	3.327009e+00	5.000000e+00	
136	3.799368e-06	2.504083e+00	3.327017e+00	5.000000e+00	
137	3.849368e-06	2.614981e+00	3.327026e+00	5.000000e+00	
138	3.899368e-06	2.720898e+00	3.327035e+00	5.000000e+00	
139	3.949368e-06	2.822057e+00	3.327044e+00	5.000000e+00	
140	3.999368e-06	2.918671e+00	3.327054e+00	5.000000e+00	
141	4.049368e-06	3.010946e+00	3.327064e+00	5.000000e+00	
142	4.099368e-06	3.099075e+00	3.327075e+00	5.000000e+00	
143	4.149368e-06	3.183245e+00	3.327085e+00	5.000000e+00	
144	4.199368e-06	3.263634e+00	3.327097e+00	5.000000e+00	
145	4.249368e-06	3.340412e+00	3.327108e+00	5.000000e+00	
146	4.250370e-06	3.341915e+00	3.327108e+00	5.000000e+00	
147	4.250470e-06	3.342062e+00	3.327108e+00	5.000000e+00	
148	4.250670e-06	3.341881e+00	3.327108e+00	5.000000e+00	
149	4.251070e-06	3.340563e+00	3.327108e+00	5.000000e+00	
150	4.251370e-06	3.339570e+00	3.327108e+00	5.000000e+00	
151	4.251450e-06	3.339305e+00	3.327108e+00	5.000000e+00	
152	4.251610e-06	3.338775e+00	3.327108e+00	5.000000e+00	
153	4.251930e-06	3.337716e+00	3.327108e+00	5.000000e+00	
154	4.252570e-06	3.335598e+00	3.327109e+00	5.000000e+00	
155	4.253850e-06	3.331366e+00	3.327109e+00	5.000000e+00	
156	4.256410e-06	3.322919e+00	3.327109e+00	5.000000e+00	
157	4.261530e-06	3.306090e+00	3.327111e+00	5.000000e+00	
158	4.271770e-06	3.272691e+00	3.327113e+00	5.000000e+00	
159	4.292250e-06	3.206919e+00	3.327117e+00	5.000000e+00	
160	4.333210e-06	3.079373e+00	3.327126e+00	5.000000e+00	
161	4.383210e-06	2.930651e+00	3.327136e+00	5.000000e+00	
162	4.433210e-06	2.789253e+00	3.327146e+00	5.000000e+00	
163	4.483210e-06	2.654818e+00	3.327155e+00	5.000000e+00	
164	4.533210e-06	2.527003e+00	3.327164e+00	5.000000e+00	
165	4.583210e-06	2.405482e+00	3.327172e+00	5.000000e+00	
166	4.633210e-06	2.289945e+00	3.327179e+00	5.000000e+00	
167	4.683210e-06	2.180098e+00	3.327187e+00	5.000000e+00	
168	4.733210e-06	2.075660e+00	3.327193e+00	5.000000e+00	
169	4.783210e-06	1.976365e+00	3.327200e+00	5.000000e+00	
170	4.833210e-06	1.881960e+00	3.327206e+00	5.000000e+00	

Index   time            a               net-_c2-pad1_   net-_r1-pad1_   
--------------------------------------------------------------------------------
171	4.883210e-06	1.792203e+00	3.327212e+00	5.000000e+00	
172	4.933210e-06	1.706867e+00	3.327217e+00	5.000000e+00	
173	4.983210e-06	1.625733e+00	3.327222e+00	5.000000e+00	
174	4.984212e-06	1.624149e+00	3.327222e+00	5.000000e+00	
175	4.984312e-06	1.623991e+00	3.327222e+00	5.000000e+00	
176	4.984512e-06	1.623676e+00	3.327222e+00	5.000000e+00	
177	4.984912e-06	1.623051e+00	3.327222e+00	5.000000e+00	
178	4.985212e-06	1.623281e+00	3.327222e+00	5.000000e+00	
179	4.985292e-06	1.623527e+00	3.327222e+00	5.000000e+00	
180	4.985452e-06	1.624019e+00	3.327222e+00	5.000000e+00	
181	4.985772e-06	1.625004e+00	3.327222e+00	5.000000e+00	
182	4.986412e-06	1.626973e+00	3.327222e+00	5.000000e+00	
183	4.987692e-06	1.630906e+00	3.327222e+00	5.000000e+00	
184	4.990252e-06	1.638760e+00	3.327223e+00	5.000000e+00	
185	4.995372e-06	1.654412e+00	3.327223e+00	5.000000e+00	
186	5.000000e-06	1.668497e+00	3.327224e+00	5.000000e+00	

* /home/fossee/esim-workspace/astablemultivibratoric555/astablemultivibratoric555.cir
Transient Analysis  Fri May 27 16:43:15  2016
--------------------------------------------------------------------------------
Index   time            net-_r1-pad2_   out             x1.2            
--------------------------------------------------------------------------------
0	0.000000e+00	4.545455e+00	5.000000e+00	2.000000e-01	
1	5.000000e-10	4.545662e+00	5.000000e+00	2.000000e-01	
2	1.000000e-09	4.545870e+00	5.000000e+00	2.000000e-01	
3	2.000000e-09	4.546285e+00	5.000000e+00	2.000000e-01	
4	4.000000e-09	4.547113e+00	5.000000e+00	2.000000e-01	
5	8.000000e-09	4.548766e+00	5.000000e+00	2.000000e-01	
6	1.600000e-08	4.552054e+00	5.000000e+00	2.000000e-01	
7	3.200000e-08	4.558557e+00	5.000000e+00	2.000000e-01	
8	6.400000e-08	4.571280e+00	5.000000e+00	2.000000e-01	
9	1.140000e-07	4.590428e+00	5.000000e+00	2.000000e-01	
10	1.640000e-07	4.608715e+00	5.000000e+00	2.000000e-01	
11	2.140000e-07	4.626181e+00	5.000000e+00	2.000000e-01	
12	2.640000e-07	4.642863e+00	5.000000e+00	2.000000e-01	
13	3.140000e-07	4.658795e+00	5.000000e+00	2.000000e-01	
14	3.640000e-07	4.674011e+00	5.000000e+00	2.000000e-01	
15	4.140000e-07	4.688544e+00	5.000000e+00	2.000000e-01	
16	4.640000e-07	4.702424e+00	5.000000e+00	2.000000e-01	
17	5.140000e-07	4.715681e+00	5.000000e+00	2.000000e-01	
18	5.640000e-07	4.728342e+00	5.000000e+00	2.000000e-01	
19	6.140000e-07	4.740434e+00	5.000000e+00	2.000000e-01	
20	6.640000e-07	4.751983e+00	5.000000e+00	2.000000e-01	
21	7.140000e-07	4.763013e+00	5.000000e+00	2.000000e-01	
22	7.640000e-07	4.773548e+00	5.000000e+00	2.000000e-01	
23	8.140000e-07	4.783609e+00	5.000000e+00	2.000000e-01	
24	8.640000e-07	4.793219e+00	5.000000e+00	2.000000e-01	
25	9.140000e-07	4.802397e+00	5.000000e+00	2.000000e-01	
26	9.640000e-07	4.811162e+00	5.000000e+00	2.000000e-01	
27	1.014000e-06	4.819534e+00	5.000000e+00	2.000000e-01	
28	1.064000e-06	4.827530e+00	5.000000e+00	2.000000e-01	
29	1.114000e-06	4.835166e+00	5.000000e+00	2.000000e-01	
30	1.164000e-06	4.842460e+00	5.000000e+00	2.000000e-01	
31	1.214000e-06	4.849425e+00	5.000000e+00	2.000000e-01	
32	1.215002e-06	4.849562e+00	5.000000e+00	2.000000e-01	
33	1.215102e-06	4.826123e+00	4.520000e+00	6.796131e-01	
34	1.215302e-06	6.607867e-02	3.560000e+00	8.215192e-01	
35	1.215702e-06	4.186906e-02	1.640000e+00	8.303176e-01	
36	1.216002e-06	3.574514e-02	2.000000e-01	8.353555e-01	
37	1.216082e-06	3.574513e-02	2.000000e-01	8.353555e-01	
38	1.216242e-06	3.574550e-02	2.000000e-01	8.353553e-01	
39	1.216562e-06	3.574524e-02	2.000000e-01	8.353550e-01	
40	1.217202e-06	3.574471e-02	2.000000e-01	8.353545e-01	
41	1.218482e-06	3.574366e-02	2.000000e-01	8.353535e-01	
42	1.221042e-06	3.574156e-02	2.000000e-01	8.353515e-01	
43	1.226162e-06	3.573739e-02	2.000000e-01	8.353475e-01	
44	1.236402e-06	3.572909e-02	2.000000e-01	8.353396e-01	
45	1.256882e-06	3.571275e-02	2.000000e-01	8.353240e-01	
46	1.297842e-06	3.568103e-02	2.000000e-01	8.352937e-01	
47	1.347842e-06	3.564401e-02	2.000000e-01	8.352583e-01	
48	1.397842e-06	3.560876e-02	2.000000e-01	8.352246e-01	
49	1.447842e-06	3.557520e-02	2.000000e-01	8.351925e-01	
50	1.497842e-06	3.554326e-02	2.000000e-01	8.351620e-01	
51	1.547842e-06	3.551287e-02	2.000000e-01	8.351329e-01	
52	1.597842e-06	3.548393e-02	2.000000e-01	8.351053e-01	
53	1.647842e-06	3.545640e-02	2.000000e-01	8.350789e-01	
54	1.697842e-06	3.543019e-02	2.000000e-01	8.350539e-01	

Index   time            net-_r1-pad2_   out             x1.2            
--------------------------------------------------------------------------------
55	1.747842e-06	3.540526e-02	2.000000e-01	8.350300e-01	
56	1.797842e-06	3.538153e-02	2.000000e-01	8.350073e-01	
57	1.847842e-06	3.535895e-02	2.000000e-01	8.349857e-01	
58	1.897842e-06	3.533747e-02	2.000000e-01	8.349652e-01	
59	1.947842e-06	3.531703e-02	2.000000e-01	8.349457e-01	
60	1.948844e-06	3.531663e-02	2.000000e-01	8.349453e-01	
61	1.948944e-06	3.693676e-02	6.800000e-01	8.333474e-01	
62	1.949144e-06	4.132782e-02	1.640000e+00	8.298207e-01	
63	1.949544e-06	6.529242e-02	3.560000e+00	8.208152e-01	
64	1.949844e-06	4.693167e+00	5.000000e+00	2.000000e-01	
65	1.949924e-06	4.693189e+00	5.000000e+00	2.000000e-01	
66	1.950084e-06	4.693234e+00	5.000000e+00	2.000000e-01	
67	1.950404e-06	4.693323e+00	5.000000e+00	2.000000e-01	
68	1.951044e-06	4.693502e+00	5.000000e+00	2.000000e-01	
69	1.952324e-06	4.693860e+00	5.000000e+00	2.000000e-01	
70	1.954884e-06	4.694573e+00	5.000000e+00	2.000000e-01	
71	1.960004e-06	4.695995e+00	5.000000e+00	2.000000e-01	
72	1.970244e-06	4.698820e+00	5.000000e+00	2.000000e-01	
73	1.990724e-06	4.704390e+00	5.000000e+00	2.000000e-01	
74	2.031684e-06	4.715221e+00	5.000000e+00	2.000000e-01	
75	2.081684e-06	4.727903e+00	5.000000e+00	2.000000e-01	
76	2.131684e-06	4.740015e+00	5.000000e+00	2.000000e-01	
77	2.181684e-06	4.751583e+00	5.000000e+00	2.000000e-01	
78	2.231684e-06	4.762631e+00	5.000000e+00	2.000000e-01	
79	2.281684e-06	4.773183e+00	5.000000e+00	2.000000e-01	
80	2.331684e-06	4.783261e+00	5.000000e+00	2.000000e-01	
81	2.381684e-06	4.792886e+00	5.000000e+00	2.000000e-01	
82	2.431684e-06	4.802079e+00	5.000000e+00	2.000000e-01	
83	2.481684e-06	4.810859e+00	5.000000e+00	2.000000e-01	
84	2.531684e-06	4.819244e+00	5.000000e+00	2.000000e-01	
85	2.581684e-06	4.827253e+00	5.000000e+00	2.000000e-01	
86	2.631684e-06	4.834902e+00	5.000000e+00	2.000000e-01	
87	2.681684e-06	4.842207e+00	5.000000e+00	2.000000e-01	
88	2.731684e-06	4.849184e+00	5.000000e+00	2.000000e-01	
89	2.732686e-06	4.849321e+00	5.000000e+00	2.000000e-01	
90	2.732786e-06	4.825882e+00	4.520000e+00	6.796131e-01	
91	2.732986e-06	6.607743e-02	3.560000e+00	8.215181e-01	
92	2.733386e-06	4.186826e-02	1.640000e+00	8.303168e-01	
93	2.733686e-06	3.574449e-02	2.000000e-01	8.353549e-01	
94	2.733766e-06	3.574448e-02	2.000000e-01	8.353548e-01	
95	2.733926e-06	3.574484e-02	2.000000e-01	8.353547e-01	
96	2.734246e-06	3.574458e-02	2.000000e-01	8.353544e-01	
97	2.734886e-06	3.574406e-02	2.000000e-01	8.353539e-01	
98	2.736166e-06	3.574301e-02	2.000000e-01	8.353529e-01	
99	2.738726e-06	3.574091e-02	2.000000e-01	8.353509e-01	
100	2.743846e-06	3.573674e-02	2.000000e-01	8.353469e-01	
101	2.754086e-06	3.572845e-02	2.000000e-01	8.353390e-01	
102	2.774566e-06	3.571212e-02	2.000000e-01	8.353234e-01	
103	2.815526e-06	3.568043e-02	2.000000e-01	8.352931e-01	
104	2.865526e-06	3.564343e-02	2.000000e-01	8.352577e-01	
105	2.915526e-06	3.560821e-02	2.000000e-01	8.352241e-01	
106	2.965526e-06	3.557468e-02	2.000000e-01	8.351920e-01	
107	3.015526e-06	3.554277e-02	2.000000e-01	8.351615e-01	
108	3.065526e-06	3.551239e-02	2.000000e-01	8.351325e-01	
109	3.115526e-06	3.548348e-02	2.000000e-01	8.351048e-01	
110	3.165526e-06	3.545597e-02	2.000000e-01	8.350785e-01	
111	3.215526e-06	3.542979e-02	2.000000e-01	8.350535e-01	
112	3.265526e-06	3.540487e-02	2.000000e-01	8.350297e-01	

Index   time            net-_r1-pad2_   out             x1.2            
--------------------------------------------------------------------------------
113	3.315526e-06	3.538116e-02	2.000000e-01	8.350070e-01	
114	3.365526e-06	3.535860e-02	2.000000e-01	8.349854e-01	
115	3.415526e-06	3.533713e-02	2.000000e-01	8.349649e-01	
116	3.465526e-06	3.531671e-02	2.000000e-01	8.349453e-01	
117	3.466528e-06	3.531631e-02	2.000000e-01	8.349450e-01	
118	3.466628e-06	3.693643e-02	6.800000e-01	8.333471e-01	
119	3.466828e-06	4.132743e-02	1.640000e+00	8.298203e-01	
120	3.467228e-06	6.529182e-02	3.560000e+00	8.208147e-01	
121	3.467528e-06	4.693052e+00	5.000000e+00	2.000000e-01	
122	3.467608e-06	4.693074e+00	5.000000e+00	2.000000e-01	
123	3.467768e-06	4.693119e+00	5.000000e+00	2.000000e-01	
124	3.468088e-06	4.693209e+00	5.000000e+00	2.000000e-01	
125	3.468728e-06	4.693388e+00	5.000000e+00	2.000000e-01	
126	3.470008e-06	4.693745e+00	5.000000e+00	2.000000e-01	
127	3.472568e-06	4.694459e+00	5.000000e+00	2.000000e-01	
128	3.477688e-06	4.695882e+00	5.000000e+00	2.000000e-01	
129	3.487928e-06	4.698707e+00	5.000000e+00	2.000000e-01	
130	3.508408e-06	4.704280e+00	5.000000e+00	2.000000e-01	
131	3.549368e-06	4.715115e+00	5.000000e+00	2.000000e-01	
132	3.599368e-06	4.727801e+00	5.000000e+00	2.000000e-01	
133	3.649368e-06	4.739918e+00	5.000000e+00	2.000000e-01	
134	3.699368e-06	4.751490e+00	5.000000e+00	2.000000e-01	
135	3.749368e-06	4.762543e+00	5.000000e+00	2.000000e-01	
136	3.799368e-06	4.773098e+00	5.000000e+00	2.000000e-01	
137	3.849368e-06	4.783180e+00	5.000000e+00	2.000000e-01	
138	3.899368e-06	4.792809e+00	5.000000e+00	2.000000e-01	
139	3.949368e-06	4.802005e+00	5.000000e+00	2.000000e-01	
140	3.999368e-06	4.810788e+00	5.000000e+00	2.000000e-01	
141	4.049368e-06	4.819177e+00	5.000000e+00	2.000000e-01	
142	4.099368e-06	4.827189e+00	5.000000e+00	2.000000e-01	
143	4.149368e-06	4.834840e+00	5.000000e+00	2.000000e-01	
144	4.199368e-06	4.842149e+00	5.000000e+00	2.000000e-01	
145	4.249368e-06	4.849128e+00	5.000000e+00	2.000000e-01	
146	4.250370e-06	4.849265e+00	5.000000e+00	2.000000e-01	
147	4.250470e-06	4.825827e+00	4.520000e+00	6.796131e-01	
148	4.250670e-06	6.607714e-02	3.560000e+00	8.215179e-01	
149	4.251070e-06	4.186808e-02	1.640000e+00	8.303167e-01	
150	4.251370e-06	3.574434e-02	2.000000e-01	8.353547e-01	
151	4.251450e-06	3.574432e-02	2.000000e-01	8.353547e-01	
152	4.251610e-06	3.574469e-02	2.000000e-01	8.353545e-01	
153	4.251930e-06	3.574443e-02	2.000000e-01	8.353543e-01	
154	4.252570e-06	3.574390e-02	2.000000e-01	8.353538e-01	
155	4.253850e-06	3.574285e-02	2.000000e-01	8.353528e-01	
156	4.256410e-06	3.574076e-02	2.000000e-01	8.353508e-01	
157	4.261530e-06	3.573659e-02	2.000000e-01	8.353468e-01	
158	4.271770e-06	3.572830e-02	2.000000e-01	8.353389e-01	
159	4.292250e-06	3.571197e-02	2.000000e-01	8.353233e-01	
160	4.333210e-06	3.568029e-02	2.000000e-01	8.352930e-01	
161	4.383210e-06	3.564330e-02	2.000000e-01	8.352576e-01	
162	4.433210e-06	3.560808e-02	2.000000e-01	8.352239e-01	
163	4.483210e-06	3.557456e-02	2.000000e-01	8.351919e-01	
164	4.533210e-06	3.554265e-02	2.000000e-01	8.351614e-01	
165	4.583210e-06	3.551228e-02	2.000000e-01	8.351324e-01	
166	4.633210e-06	3.548338e-02	2.000000e-01	8.351047e-01	
167	4.683210e-06	3.545587e-02	2.000000e-01	8.350784e-01	
168	4.733210e-06	3.542969e-02	2.000000e-01	8.350534e-01	
169	4.783210e-06	3.540478e-02	2.000000e-01	8.350296e-01	
170	4.833210e-06	3.538108e-02	2.000000e-01	8.350069e-01	

Index   time            net-_r1-pad2_   out             x1.2            
--------------------------------------------------------------------------------
171	4.883210e-06	3.535852e-02	2.000000e-01	8.349853e-01	
172	4.933210e-06	3.533706e-02	2.000000e-01	8.349648e-01	
173	4.983210e-06	3.531664e-02	2.000000e-01	8.349453e-01	
174	4.984212e-06	3.531624e-02	2.000000e-01	8.349449e-01	
175	4.984312e-06	3.693635e-02	6.800000e-01	8.333470e-01	
176	4.984512e-06	4.132734e-02	1.640000e+00	8.298203e-01	
177	4.984912e-06	6.529168e-02	3.560000e+00	8.208145e-01	
178	4.985212e-06	4.693025e+00	5.000000e+00	2.000000e-01	
179	4.985292e-06	4.693048e+00	5.000000e+00	2.000000e-01	
180	4.985452e-06	4.693093e+00	5.000000e+00	2.000000e-01	
181	4.985772e-06	4.693182e+00	5.000000e+00	2.000000e-01	
182	4.986412e-06	4.693361e+00	5.000000e+00	2.000000e-01	
183	4.987692e-06	4.693719e+00	5.000000e+00	2.000000e-01	
184	4.990252e-06	4.694433e+00	5.000000e+00	2.000000e-01	
185	4.995372e-06	4.695856e+00	5.000000e+00	2.000000e-01	
186	5.000000e-06	4.697136e+00	5.000000e+00	2.000000e-01	

* /home/fossee/esim-workspace/astablemultivibratoric555/astablemultivibratoric555.cir
Transient Analysis  Fri May 27 16:43:15  2016
--------------------------------------------------------------------------------
Index   time            x1.9            x1.11           x1.12           
--------------------------------------------------------------------------------
0	0.000000e+00	2.000000e-01	0.000000e+00	5.000000e+00	
1	5.000000e-10	2.000000e-01	0.000000e+00	5.000000e+00	
2	1.000000e-09	2.000000e-01	0.000000e+00	5.000000e+00	
3	2.000000e-09	2.000000e-01	0.000000e+00	5.000000e+00	
4	4.000000e-09	2.000000e-01	0.000000e+00	5.000000e+00	
5	8.000000e-09	2.000000e-01	0.000000e+00	5.000000e+00	
6	1.600000e-08	2.000000e-01	0.000000e+00	5.000000e+00	
7	3.200000e-08	2.000000e-01	0.000000e+00	5.000000e+00	
8	6.400000e-08	2.000000e-01	0.000000e+00	5.000000e+00	
9	1.140000e-07	2.000000e-01	0.000000e+00	5.000000e+00	
10	1.640000e-07	2.000000e-01	0.000000e+00	5.000000e+00	
11	2.140000e-07	2.000000e-01	0.000000e+00	5.000000e+00	
12	2.640000e-07	2.000000e-01	0.000000e+00	5.000000e+00	
13	3.140000e-07	2.000000e-01	0.000000e+00	5.000000e+00	
14	3.640000e-07	2.000000e-01	0.000000e+00	5.000000e+00	
15	4.140000e-07	2.000000e-01	0.000000e+00	5.000000e+00	
16	4.640000e-07	2.000000e-01	0.000000e+00	0.000000e+00	
17	5.140000e-07	2.000000e-01	0.000000e+00	0.000000e+00	
18	5.640000e-07	2.000000e-01	0.000000e+00	0.000000e+00	
19	6.140000e-07	2.000000e-01	0.000000e+00	0.000000e+00	
20	6.640000e-07	2.000000e-01	0.000000e+00	0.000000e+00	
21	7.140000e-07	2.000000e-01	0.000000e+00	0.000000e+00	
22	7.640000e-07	2.000000e-01	0.000000e+00	0.000000e+00	
23	8.140000e-07	2.000000e-01	0.000000e+00	0.000000e+00	
24	8.640000e-07	2.000000e-01	0.000000e+00	0.000000e+00	
25	9.140000e-07	2.000000e-01	0.000000e+00	0.000000e+00	
26	9.640000e-07	2.000000e-01	0.000000e+00	0.000000e+00	
27	1.014000e-06	2.000000e-01	0.000000e+00	0.000000e+00	
28	1.064000e-06	2.000000e-01	0.000000e+00	0.000000e+00	
29	1.114000e-06	2.000000e-01	0.000000e+00	0.000000e+00	
30	1.164000e-06	2.000000e-01	0.000000e+00	0.000000e+00	
31	1.214000e-06	2.000000e-01	5.000000e+00	0.000000e+00	
32	1.215002e-06	2.000000e-01	5.000000e+00	0.000000e+00	
33	1.215102e-06	6.800000e-01	5.000000e+00	0.000000e+00	
34	1.215302e-06	1.640000e+00	5.000000e+00	0.000000e+00	
35	1.215702e-06	3.560000e+00	5.000000e+00	0.000000e+00	
36	1.216002e-06	5.000000e+00	5.000000e+00	0.000000e+00	
37	1.216082e-06	5.000000e+00	5.000000e+00	0.000000e+00	
38	1.216242e-06	5.000000e+00	5.000000e+00	0.000000e+00	
39	1.216562e-06	5.000000e+00	5.000000e+00	0.000000e+00	
40	1.217202e-06	5.000000e+00	5.000000e+00	0.000000e+00	
41	1.218482e-06	5.000000e+00	5.000000e+00	0.000000e+00	
42	1.221042e-06	5.000000e+00	0.000000e+00	0.000000e+00	
43	1.226162e-06	5.000000e+00	0.000000e+00	0.000000e+00	
44	1.236402e-06	5.000000e+00	0.000000e+00	0.000000e+00	
45	1.256882e-06	5.000000e+00	0.000000e+00	0.000000e+00	
46	1.297842e-06	5.000000e+00	0.000000e+00	0.000000e+00	
47	1.347842e-06	5.000000e+00	0.000000e+00	0.000000e+00	
48	1.397842e-06	5.000000e+00	0.000000e+00	0.000000e+00	
49	1.447842e-06	5.000000e+00	0.000000e+00	0.000000e+00	
50	1.497842e-06	5.000000e+00	0.000000e+00	0.000000e+00	
51	1.547842e-06	5.000000e+00	0.000000e+00	0.000000e+00	
52	1.597842e-06	5.000000e+00	0.000000e+00	0.000000e+00	
53	1.647842e-06	5.000000e+00	0.000000e+00	0.000000e+00	
54	1.697842e-06	5.000000e+00	0.000000e+00	0.000000e+00	

Index   time            x1.9            x1.11           x1.12           
--------------------------------------------------------------------------------
55	1.747842e-06	5.000000e+00	0.000000e+00	0.000000e+00	
56	1.797842e-06	5.000000e+00	0.000000e+00	0.000000e+00	
57	1.847842e-06	5.000000e+00	0.000000e+00	0.000000e+00	
58	1.897842e-06	5.000000e+00	0.000000e+00	0.000000e+00	
59	1.947842e-06	5.000000e+00	0.000000e+00	5.000000e+00	
60	1.948844e-06	5.000000e+00	0.000000e+00	5.000000e+00	
61	1.948944e-06	4.520000e+00	0.000000e+00	5.000000e+00	
62	1.949144e-06	3.560000e+00	0.000000e+00	5.000000e+00	
63	1.949544e-06	1.640000e+00	0.000000e+00	5.000000e+00	
64	1.949844e-06	2.000000e-01	0.000000e+00	5.000000e+00	
65	1.949924e-06	2.000000e-01	0.000000e+00	5.000000e+00	
66	1.950084e-06	2.000000e-01	0.000000e+00	5.000000e+00	
67	1.950404e-06	2.000000e-01	0.000000e+00	5.000000e+00	
68	1.951044e-06	2.000000e-01	0.000000e+00	5.000000e+00	
69	1.952324e-06	2.000000e-01	0.000000e+00	5.000000e+00	
70	1.954884e-06	2.000000e-01	0.000000e+00	5.000000e+00	
71	1.960004e-06	2.000000e-01	0.000000e+00	5.000000e+00	
72	1.970244e-06	2.000000e-01	0.000000e+00	0.000000e+00	
73	1.990724e-06	2.000000e-01	0.000000e+00	0.000000e+00	
74	2.031684e-06	2.000000e-01	0.000000e+00	0.000000e+00	
75	2.081684e-06	2.000000e-01	0.000000e+00	0.000000e+00	
76	2.131684e-06	2.000000e-01	0.000000e+00	0.000000e+00	
77	2.181684e-06	2.000000e-01	0.000000e+00	0.000000e+00	
78	2.231684e-06	2.000000e-01	0.000000e+00	0.000000e+00	
79	2.281684e-06	2.000000e-01	0.000000e+00	0.000000e+00	
80	2.331684e-06	2.000000e-01	0.000000e+00	0.000000e+00	
81	2.381684e-06	2.000000e-01	0.000000e+00	0.000000e+00	
82	2.431684e-06	2.000000e-01	0.000000e+00	0.000000e+00	
83	2.481684e-06	2.000000e-01	0.000000e+00	0.000000e+00	
84	2.531684e-06	2.000000e-01	0.000000e+00	0.000000e+00	
85	2.581684e-06	2.000000e-01	0.000000e+00	0.000000e+00	
86	2.631684e-06	2.000000e-01	0.000000e+00	0.000000e+00	
87	2.681684e-06	2.000000e-01	0.000000e+00	0.000000e+00	
88	2.731684e-06	2.000000e-01	5.000000e+00	0.000000e+00	
89	2.732686e-06	2.000000e-01	5.000000e+00	0.000000e+00	
90	2.732786e-06	6.800000e-01	5.000000e+00	0.000000e+00	
91	2.732986e-06	1.640000e+00	5.000000e+00	0.000000e+00	
92	2.733386e-06	3.560000e+00	5.000000e+00	0.000000e+00	
93	2.733686e-06	5.000000e+00	5.000000e+00	0.000000e+00	
94	2.733766e-06	5.000000e+00	5.000000e+00	0.000000e+00	
95	2.733926e-06	5.000000e+00	5.000000e+00	0.000000e+00	
96	2.734246e-06	5.000000e+00	5.000000e+00	0.000000e+00	
97	2.734886e-06	5.000000e+00	5.000000e+00	0.000000e+00	
98	2.736166e-06	5.000000e+00	5.000000e+00	0.000000e+00	
99	2.738726e-06	5.000000e+00	0.000000e+00	0.000000e+00	
100	2.743846e-06	5.000000e+00	0.000000e+00	0.000000e+00	
101	2.754086e-06	5.000000e+00	0.000000e+00	0.000000e+00	
102	2.774566e-06	5.000000e+00	0.000000e+00	0.000000e+00	
103	2.815526e-06	5.000000e+00	0.000000e+00	0.000000e+00	
104	2.865526e-06	5.000000e+00	0.000000e+00	0.000000e+00	
105	2.915526e-06	5.000000e+00	0.000000e+00	0.000000e+00	
106	2.965526e-06	5.000000e+00	0.000000e+00	0.000000e+00	
107	3.015526e-06	5.000000e+00	0.000000e+00	0.000000e+00	
108	3.065526e-06	5.000000e+00	0.000000e+00	0.000000e+00	
109	3.115526e-06	5.000000e+00	0.000000e+00	0.000000e+00	
110	3.165526e-06	5.000000e+00	0.000000e+00	0.000000e+00	
111	3.215526e-06	5.000000e+00	0.000000e+00	0.000000e+00	
112	3.265526e-06	5.000000e+00	0.000000e+00	0.000000e+00	

Index   time            x1.9            x1.11           x1.12           
--------------------------------------------------------------------------------
113	3.315526e-06	5.000000e+00	0.000000e+00	0.000000e+00	
114	3.365526e-06	5.000000e+00	0.000000e+00	0.000000e+00	
115	3.415526e-06	5.000000e+00	0.000000e+00	0.000000e+00	
116	3.465526e-06	5.000000e+00	0.000000e+00	5.000000e+00	
117	3.466528e-06	5.000000e+00	0.000000e+00	5.000000e+00	
118	3.466628e-06	4.520000e+00	0.000000e+00	5.000000e+00	
119	3.466828e-06	3.560000e+00	0.000000e+00	5.000000e+00	
120	3.467228e-06	1.640000e+00	0.000000e+00	5.000000e+00	
121	3.467528e-06	2.000000e-01	0.000000e+00	5.000000e+00	
122	3.467608e-06	2.000000e-01	0.000000e+00	5.000000e+00	
123	3.467768e-06	2.000000e-01	0.000000e+00	5.000000e+00	
124	3.468088e-06	2.000000e-01	0.000000e+00	5.000000e+00	
125	3.468728e-06	2.000000e-01	0.000000e+00	5.000000e+00	
126	3.470008e-06	2.000000e-01	0.000000e+00	5.000000e+00	
127	3.472568e-06	2.000000e-01	0.000000e+00	5.000000e+00	
128	3.477688e-06	2.000000e-01	0.000000e+00	5.000000e+00	
129	3.487928e-06	2.000000e-01	0.000000e+00	0.000000e+00	
130	3.508408e-06	2.000000e-01	0.000000e+00	0.000000e+00	
131	3.549368e-06	2.000000e-01	0.000000e+00	0.000000e+00	
132	3.599368e-06	2.000000e-01	0.000000e+00	0.000000e+00	
133	3.649368e-06	2.000000e-01	0.000000e+00	0.000000e+00	
134	3.699368e-06	2.000000e-01	0.000000e+00	0.000000e+00	
135	3.749368e-06	2.000000e-01	0.000000e+00	0.000000e+00	
136	3.799368e-06	2.000000e-01	0.000000e+00	0.000000e+00	
137	3.849368e-06	2.000000e-01	0.000000e+00	0.000000e+00	
138	3.899368e-06	2.000000e-01	0.000000e+00	0.000000e+00	
139	3.949368e-06	2.000000e-01	0.000000e+00	0.000000e+00	
140	3.999368e-06	2.000000e-01	0.000000e+00	0.000000e+00	
141	4.049368e-06	2.000000e-01	0.000000e+00	0.000000e+00	
142	4.099368e-06	2.000000e-01	0.000000e+00	0.000000e+00	
143	4.149368e-06	2.000000e-01	0.000000e+00	0.000000e+00	
144	4.199368e-06	2.000000e-01	0.000000e+00	0.000000e+00	
145	4.249368e-06	2.000000e-01	5.000000e+00	0.000000e+00	
146	4.250370e-06	2.000000e-01	5.000000e+00	0.000000e+00	
147	4.250470e-06	6.800000e-01	5.000000e+00	0.000000e+00	
148	4.250670e-06	1.640000e+00	5.000000e+00	0.000000e+00	
149	4.251070e-06	3.560000e+00	5.000000e+00	0.000000e+00	
150	4.251370e-06	5.000000e+00	5.000000e+00	0.000000e+00	
151	4.251450e-06	5.000000e+00	5.000000e+00	0.000000e+00	
152	4.251610e-06	5.000000e+00	5.000000e+00	0.000000e+00	
153	4.251930e-06	5.000000e+00	5.000000e+00	0.000000e+00	
154	4.252570e-06	5.000000e+00	5.000000e+00	0.000000e+00	
155	4.253850e-06	5.000000e+00	5.000000e+00	0.000000e+00	
156	4.256410e-06	5.000000e+00	0.000000e+00	0.000000e+00	
157	4.261530e-06	5.000000e+00	0.000000e+00	0.000000e+00	
158	4.271770e-06	5.000000e+00	0.000000e+00	0.000000e+00	
159	4.292250e-06	5.000000e+00	0.000000e+00	0.000000e+00	
160	4.333210e-06	5.000000e+00	0.000000e+00	0.000000e+00	
161	4.383210e-06	5.000000e+00	0.000000e+00	0.000000e+00	
162	4.433210e-06	5.000000e+00	0.000000e+00	0.000000e+00	
163	4.483210e-06	5.000000e+00	0.000000e+00	0.000000e+00	
164	4.533210e-06	5.000000e+00	0.000000e+00	0.000000e+00	
165	4.583210e-06	5.000000e+00	0.000000e+00	0.000000e+00	
166	4.633210e-06	5.000000e+00	0.000000e+00	0.000000e+00	
167	4.683210e-06	5.000000e+00	0.000000e+00	0.000000e+00	
168	4.733210e-06	5.000000e+00	0.000000e+00	0.000000e+00	
169	4.783210e-06	5.000000e+00	0.000000e+00	0.000000e+00	
170	4.833210e-06	5.000000e+00	0.000000e+00	0.000000e+00	

Index   time            x1.9            x1.11           x1.12           
--------------------------------------------------------------------------------
171	4.883210e-06	5.000000e+00	0.000000e+00	0.000000e+00	
172	4.933210e-06	5.000000e+00	0.000000e+00	0.000000e+00	
173	4.983210e-06	5.000000e+00	0.000000e+00	5.000000e+00	
174	4.984212e-06	5.000000e+00	0.000000e+00	5.000000e+00	
175	4.984312e-06	4.520000e+00	0.000000e+00	5.000000e+00	
176	4.984512e-06	3.560000e+00	0.000000e+00	5.000000e+00	
177	4.984912e-06	1.640000e+00	0.000000e+00	5.000000e+00	
178	4.985212e-06	2.000000e-01	0.000000e+00	5.000000e+00	
179	4.985292e-06	2.000000e-01	0.000000e+00	5.000000e+00	
180	4.985452e-06	2.000000e-01	0.000000e+00	5.000000e+00	
181	4.985772e-06	2.000000e-01	0.000000e+00	5.000000e+00	
182	4.986412e-06	2.000000e-01	0.000000e+00	5.000000e+00	
183	4.987692e-06	2.000000e-01	0.000000e+00	5.000000e+00	
184	4.990252e-06	2.000000e-01	0.000000e+00	5.000000e+00	
185	4.995372e-06	2.000000e-01	0.000000e+00	5.000000e+00	
186	5.000000e-06	2.000000e-01	0.000000e+00	0.000000e+00	

* /home/fossee/esim-workspace/astablemultivibratoric555/astablemultivibratoric555.cir
Transient Analysis  Fri May 27 16:43:15  2016
--------------------------------------------------------------------------------
Index   time            x1.17           x1.18           x1.19           
--------------------------------------------------------------------------------
0	0.000000e+00	-3.32641e+04	1.661126e+04	-3.32641e+04	
1	5.000000e-10	-3.32412e+04	1.658845e+04	-3.32412e+04	
2	1.000000e-09	-3.32184e+04	1.656565e+04	-3.32184e+04	
3	2.000000e-09	-3.31727e+04	1.652006e+04	-3.31727e+04	
4	4.000000e-09	-3.30816e+04	1.642902e+04	-3.30816e+04	
5	8.000000e-09	-3.28998e+04	1.624744e+04	-3.28998e+04	
6	1.600000e-08	-3.25381e+04	1.588626e+04	-3.25381e+04	
7	3.200000e-08	-3.18228e+04	1.517183e+04	-3.18228e+04	
8	6.400000e-08	-3.04233e+04	1.377402e+04	-3.04233e+04	
9	1.140000e-07	-2.83170e+04	1.167040e+04	-2.83170e+04	
10	1.640000e-07	-2.63054e+04	9.661290e+03	-2.63054e+04	
11	2.140000e-07	-2.43842e+04	7.742434e+03	-2.43842e+04	
12	2.640000e-07	-2.25492e+04	5.909780e+03	-2.25492e+04	
13	3.140000e-07	-2.07968e+04	4.159457e+03	-2.07968e+04	
14	3.640000e-07	-1.91230e+04	2.487767e+03	-1.91230e+04	
15	4.140000e-07	-1.75244e+04	8.911758e+02	-1.75244e+04	
16	4.640000e-07	-1.59977e+04	-6.33689e+02	-1.59977e+04	
17	5.140000e-07	-1.45396e+04	-2.09005e+03	-1.45396e+04	
18	5.640000e-07	-1.31469e+04	-3.48098e+03	-1.31469e+04	
19	6.140000e-07	-1.18169e+04	-4.80943e+03	-1.18169e+04	
20	6.640000e-07	-1.05465e+04	-6.07819e+03	-1.05465e+04	
21	7.140000e-07	-9.33331e+03	-7.28996e+03	-9.33331e+03	
22	7.640000e-07	-8.17458e+03	-8.44729e+03	-8.17458e+03	
23	8.140000e-07	-7.06791e+03	-9.55262e+03	-7.06791e+03	
24	8.640000e-07	-6.01096e+03	-1.06083e+04	-6.01096e+03	
25	9.140000e-07	-5.00151e+03	-1.16165e+04	-5.00151e+03	
26	9.640000e-07	-4.03741e+03	-1.25795e+04	-4.03741e+03	
27	1.014000e-06	-3.11662e+03	-1.34992e+04	-3.11662e+03	
28	1.064000e-06	-2.23721e+03	-1.43776e+04	-2.23721e+03	
29	1.114000e-06	-1.39731e+03	-1.52165e+04	-1.39731e+03	
30	1.164000e-06	-5.95146e+02	-1.60177e+04	-5.95146e+02	
31	1.214000e-06	1.709726e+02	-1.67829e+04	1.709726e+02	
32	1.215002e-06	1.859659e+02	-1.67979e+04	1.859659e+02	
33	1.215102e-06	1.874380e+02	-1.67994e+04	1.874380e+02	
34	1.215302e-06	1.856222e+02	-1.67975e+04	1.856222e+02	
35	1.215702e-06	1.724252e+02	-1.67844e+04	1.724252e+02	
36	1.216002e-06	1.624855e+02	-1.67744e+04	1.624855e+02	
37	1.216082e-06	1.598331e+02	-1.67718e+04	1.598331e+02	
38	1.216242e-06	1.545287e+02	-1.67665e+04	1.545287e+02	
39	1.216562e-06	1.439224e+02	-1.67559e+04	1.439224e+02	
40	1.217202e-06	1.227201e+02	-1.67347e+04	1.227201e+02	
41	1.218482e-06	8.035667e+01	-1.66924e+04	8.035667e+01	
42	1.221042e-06	-4.20621e+00	-1.66080e+04	-4.20621e+00	
43	1.226162e-06	-1.72678e+02	-1.64397e+04	-1.72678e+02	
44	1.236402e-06	-5.07022e+02	-1.61058e+04	-5.07022e+02	
45	1.256882e-06	-1.16544e+03	-1.54482e+04	-1.16544e+03	
46	1.297842e-06	-2.44227e+03	-1.41730e+04	-2.44227e+03	
47	1.347842e-06	-3.93108e+03	-1.26861e+04	-3.93108e+03	
48	1.397842e-06	-5.34657e+03	-1.12725e+04	-5.34657e+03	
49	1.447842e-06	-6.69236e+03	-9.92840e+03	-6.69236e+03	
50	1.497842e-06	-7.97188e+03	-8.65052e+03	-7.97188e+03	
51	1.547842e-06	-9.18839e+03	-7.43558e+03	-9.18839e+03	
52	1.597842e-06	-1.03450e+04	-6.28046e+03	-1.03450e+04	
53	1.647842e-06	-1.14446e+04	-5.18223e+03	-1.14446e+04	
54	1.697842e-06	-1.24901e+04	-4.13808e+03	-1.24901e+04	

Index   time            x1.17           x1.18           x1.19           
--------------------------------------------------------------------------------
55	1.747842e-06	-1.34841e+04	-3.14535e+03	-1.34841e+04	
56	1.797842e-06	-1.44292e+04	-2.20150e+03	-1.44292e+04	
57	1.847842e-06	-1.53277e+04	-1.30413e+03	-1.53277e+04	
58	1.897842e-06	-1.61820e+04	-4.50954e+02	-1.61820e+04	
59	1.947842e-06	-1.69942e+04	3.602092e+02	-1.69942e+04	
60	1.948844e-06	-1.70101e+04	3.760465e+02	-1.70101e+04	
61	1.948944e-06	-1.70116e+04	3.776245e+02	-1.70116e+04	
62	1.949144e-06	-1.70148e+04	3.807758e+02	-1.70148e+04	
63	1.949544e-06	-1.70210e+04	3.870199e+02	-1.70210e+04	
64	1.949844e-06	-1.70188e+04	3.847332e+02	-1.70188e+04	
65	1.949924e-06	-1.70163e+04	3.822749e+02	-1.70163e+04	
66	1.950084e-06	-1.70114e+04	3.773586e+02	-1.70114e+04	
67	1.950404e-06	-1.70015e+04	3.675282e+02	-1.70015e+04	
68	1.951044e-06	-1.69819e+04	3.478760e+02	-1.69819e+04	
69	1.952324e-06	-1.69425e+04	3.086063e+02	-1.69425e+04	
70	1.954884e-06	-1.68640e+04	2.302053e+02	-1.68640e+04	
71	1.960004e-06	-1.67076e+04	7.395555e+01	-1.67076e+04	
72	1.970244e-06	-1.63969e+04	-2.36348e+02	-1.63969e+04	
73	1.990724e-06	-1.57842e+04	-8.48276e+02	-1.57842e+04	
74	2.031684e-06	-1.45928e+04	-2.03821e+03	-1.45928e+04	
75	2.081684e-06	-1.31979e+04	-3.43142e+03	-1.31979e+04	
76	2.131684e-06	-1.18657e+04	-4.76203e+03	-1.18657e+04	
77	2.181684e-06	-1.05933e+04	-6.03287e+03	-1.05933e+04	
78	2.231684e-06	-9.37807e+03	-7.24661e+03	-9.37807e+03	
79	2.281684e-06	-8.21745e+03	-8.40583e+03	-8.21745e+03	
80	2.331684e-06	-7.10897e+03	-9.51296e+03	-7.10897e+03	
81	2.381684e-06	-6.05030e+03	-1.05704e+04	-6.05030e+03	
82	2.431684e-06	-5.03919e+03	-1.15803e+04	-5.03919e+03	
83	2.481684e-06	-4.07352e+03	-1.25448e+04	-4.07352e+03	
84	2.531684e-06	-3.15123e+03	-1.34660e+04	-3.15123e+03	
85	2.581684e-06	-2.27037e+03	-1.43458e+04	-2.27037e+03	
86	2.631684e-06	-1.42910e+03	-1.51861e+04	-1.42910e+03	
87	2.681684e-06	-6.25627e+02	-1.59886e+04	-6.25627e+02	
88	2.731684e-06	1.417458e+02	-1.67551e+04	1.417458e+02	
89	2.732686e-06	1.567636e+02	-1.67701e+04	1.567636e+02	
90	2.732786e-06	1.582381e+02	-1.67715e+04	1.582381e+02	
91	2.732986e-06	1.564275e+02	-1.67697e+04	1.564275e+02	
92	2.733386e-06	1.432413e+02	-1.67566e+04	1.432413e+02	
93	2.733686e-06	1.333096e+02	-1.67466e+04	1.333096e+02	
94	2.733766e-06	1.306593e+02	-1.67440e+04	1.306593e+02	
95	2.733926e-06	1.253592e+02	-1.67387e+04	1.253592e+02	
96	2.734246e-06	1.147615e+02	-1.67281e+04	1.147615e+02	
97	2.734886e-06	9.357641e+01	-1.67070e+04	9.357641e+01	
98	2.736166e-06	5.124726e+01	-1.66647e+04	5.124726e+01	
99	2.738726e-06	-3.32471e+01	-1.65803e+04	-3.32471e+01	
100	2.743846e-06	-2.01582e+02	-1.64122e+04	-2.01582e+02	
101	2.754086e-06	-5.35655e+02	-1.60785e+04	-5.35655e+02	
102	2.774566e-06	-1.19354e+03	-1.54215e+04	-1.19354e+03	
103	2.815526e-06	-2.46934e+03	-1.41473e+04	-2.46934e+03	
104	2.865526e-06	-3.95694e+03	-1.26616e+04	-3.95694e+03	
105	2.915526e-06	-5.37129e+03	-1.12491e+04	-5.37129e+03	
106	2.965526e-06	-6.71598e+03	-9.90613e+03	-6.71598e+03	
107	3.015526e-06	-7.99446e+03	-8.62930e+03	-7.99446e+03	
108	3.065526e-06	-9.20999e+03	-7.41533e+03	-9.20999e+03	
109	3.115526e-06	-1.03656e+04	-6.26115e+03	-1.03656e+04	
110	3.165526e-06	-1.14644e+04	-5.16381e+03	-1.14644e+04	
111	3.215526e-06	-1.25091e+04	-4.12050e+03	-1.25091e+04	
112	3.265526e-06	-1.35023e+04	-3.12857e+03	-1.35023e+04	

Index   time            x1.17           x1.18           x1.19           
--------------------------------------------------------------------------------
113	3.315526e-06	-1.44465e+04	-2.18549e+03	-1.44465e+04	
114	3.365526e-06	-1.53443e+04	-1.28885e+03	-1.53443e+04	
115	3.415526e-06	-1.61979e+04	-4.36362e+02	-1.61979e+04	
116	3.465526e-06	-1.70095e+04	3.741446e+02	-1.70095e+04	
117	3.466528e-06	-1.70253e+04	3.899691e+02	-1.70253e+04	
118	3.466628e-06	-1.70269e+04	3.915459e+02	-1.70269e+04	
119	3.466828e-06	-1.70300e+04	3.946946e+02	-1.70300e+04	
120	3.467228e-06	-1.70363e+04	4.009335e+02	-1.70363e+04	
121	3.467528e-06	-1.70340e+04	3.986432e+02	-1.70340e+04	
122	3.467608e-06	-1.70315e+04	3.961840e+02	-1.70315e+04	
123	3.467768e-06	-1.70266e+04	3.912658e+02	-1.70266e+04	
124	3.468088e-06	-1.70168e+04	3.814317e+02	-1.70168e+04	
125	3.468728e-06	-1.69971e+04	3.617721e+02	-1.69971e+04	
126	3.470008e-06	-1.69577e+04	3.224875e+02	-1.69577e+04	
127	3.472568e-06	-1.68792e+04	2.440568e+02	-1.68792e+04	
128	3.477688e-06	-1.67227e+04	8.774786e+01	-1.67227e+04	
129	3.487928e-06	-1.64119e+04	-2.22674e+02	-1.64119e+04	
130	3.508408e-06	-1.57990e+04	-8.34833e+02	-1.57990e+04	
131	3.549368e-06	-1.46071e+04	-2.02522e+03	-1.46071e+04	
132	3.599368e-06	-1.32117e+04	-3.41895e+03	-1.32117e+04	
133	3.649368e-06	-1.18790e+04	-4.75007e+03	-1.18790e+04	
134	3.699368e-06	-1.06061e+04	-6.02139e+03	-1.06061e+04	
135	3.749368e-06	-9.39041e+03	-7.23559e+03	-9.39041e+03	
136	3.799368e-06	-8.22934e+03	-8.39525e+03	-8.22934e+03	
137	3.849368e-06	-7.12045e+03	-9.50281e+03	-7.12045e+03	
138	3.899368e-06	-6.06137e+03	-1.05606e+04	-6.06137e+03	
139	3.949368e-06	-5.04988e+03	-1.15709e+04	-5.04988e+03	
140	3.999368e-06	-4.08383e+03	-1.25358e+04	-4.08383e+03	
141	4.049368e-06	-3.16119e+03	-1.34573e+04	-3.16119e+03	
142	4.099368e-06	-2.28000e+03	-1.43375e+04	-2.28000e+03	
143	4.149368e-06	-1.43840e+03	-1.51781e+04	-1.43840e+03	
144	4.199368e-06	-6.34623e+02	-1.59809e+04	-6.34623e+02	
145	4.249368e-06	1.330429e+02	-1.67476e+04	1.330429e+02	
146	4.250370e-06	1.480665e+02	-1.67627e+04	1.480665e+02	
147	4.250470e-06	1.495416e+02	-1.67641e+04	1.495416e+02	
148	4.250670e-06	1.477322e+02	-1.67623e+04	1.477322e+02	
149	4.251070e-06	1.345484e+02	-1.67492e+04	1.345484e+02	
150	4.251370e-06	1.246187e+02	-1.67392e+04	1.246187e+02	
151	4.251450e-06	1.219689e+02	-1.67366e+04	1.219689e+02	
152	4.251610e-06	1.166698e+02	-1.67313e+04	1.166698e+02	
153	4.251930e-06	1.060741e+02	-1.67207e+04	1.060741e+02	
154	4.252570e-06	8.489301e+01	-1.66996e+04	8.489301e+01	
155	4.253850e-06	4.257187e+01	-1.66573e+04	4.257187e+01	
156	4.256410e-06	-4.19065e+01	-1.65729e+04	-4.19065e+01	
157	4.261530e-06	-2.10210e+02	-1.64048e+04	-2.10210e+02	
158	4.271770e-06	-5.44220e+02	-1.60713e+04	-5.44220e+02	
159	4.292250e-06	-1.20198e+03	-1.54143e+04	-1.20198e+03	
160	4.333210e-06	-2.47753e+03	-1.41404e+04	-2.47753e+03	
161	4.383210e-06	-3.96485e+03	-1.26550e+04	-3.96485e+03	
162	4.433210e-06	-5.37893e+03	-1.12427e+04	-5.37893e+03	
163	4.483210e-06	-6.72338e+03	-9.90003e+03	-6.72338e+03	
164	4.533210e-06	-8.00161e+03	-8.62343e+03	-8.00161e+03	
165	4.583210e-06	-9.21690e+03	-7.40970e+03	-9.21690e+03	
166	4.633210e-06	-1.03723e+04	-6.25573e+03	-1.03723e+04	
167	4.683210e-06	-1.14709e+04	-5.15860e+03	-1.14709e+04	
168	4.733210e-06	-1.25153e+04	-4.11549e+03	-1.25153e+04	
169	4.783210e-06	-1.35084e+04	-3.12374e+03	-1.35084e+04	
170	4.833210e-06	-1.44525e+04	-2.18084e+03	-1.44525e+04	

Index   time            x1.17           x1.18           x1.19           
--------------------------------------------------------------------------------
171	4.883210e-06	-1.53501e+04	-1.28437e+03	-1.53501e+04	
172	4.933210e-06	-1.62035e+04	-4.32044e+02	-1.62035e+04	
173	4.983210e-06	-1.70149e+04	3.783094e+02	-1.70149e+04	
174	4.984212e-06	-1.70307e+04	3.941309e+02	-1.70307e+04	
175	4.984312e-06	-1.70323e+04	3.957074e+02	-1.70323e+04	
176	4.984512e-06	-1.70355e+04	3.988555e+02	-1.70355e+04	
177	4.984912e-06	-1.70417e+04	4.050932e+02	-1.70417e+04	
178	4.985212e-06	-1.70394e+04	4.028021e+02	-1.70394e+04	
179	4.985292e-06	-1.70370e+04	4.003426e+02	-1.70370e+04	
180	4.985452e-06	-1.70320e+04	3.954240e+02	-1.70320e+04	
181	4.985772e-06	-1.70222e+04	3.855890e+02	-1.70222e+04	
182	4.986412e-06	-1.70025e+04	3.659276e+02	-1.70025e+04	
183	4.987692e-06	-1.69632e+04	3.266396e+02	-1.69632e+04	
184	4.990252e-06	-1.68846e+04	2.482020e+02	-1.68846e+04	
185	4.995372e-06	-1.67281e+04	9.187913e+01	-1.67281e+04	
186	5.000000e-06	-1.65873e+04	-4.87904e+01	-1.65873e+04	

* /home/fossee/esim-workspace/astablemultivibratoric555/astablemultivibratoric555.cir
Transient Analysis  Fri May 27 16:43:15  2016
--------------------------------------------------------------------------------
Index   time            x1.20           x1.23           x1.qnom         
--------------------------------------------------------------------------------
0	0.000000e+00	1.661126e+04	1.661126e+00	4.545455e+00	
1	5.000000e-10	1.658845e+04	1.661129e+00	4.545662e+00	
2	1.000000e-09	1.656565e+04	1.661132e+00	4.545870e+00	
3	2.000000e-09	1.652006e+04	1.661138e+00	4.546285e+00	
4	4.000000e-09	1.642902e+04	1.661149e+00	4.547113e+00	
5	8.000000e-09	1.624744e+04	1.661172e+00	4.548766e+00	
6	1.600000e-08	1.588626e+04	1.661217e+00	4.552054e+00	
7	3.200000e-08	1.517183e+04	1.661306e+00	4.558557e+00	
8	6.400000e-08	1.377402e+04	1.661481e+00	4.571280e+00	
9	1.140000e-07	1.167040e+04	1.661745e+00	4.590428e+00	
10	1.640000e-07	9.661290e+03	1.661997e+00	4.608715e+00	
11	2.140000e-07	7.742434e+03	1.662238e+00	4.626181e+00	
12	2.640000e-07	5.909780e+03	1.662469e+00	4.642863e+00	
13	3.140000e-07	4.159457e+03	1.662690e+00	4.658795e+00	
14	3.640000e-07	2.487767e+03	1.662902e+00	4.674011e+00	
15	4.140000e-07	8.911758e+02	1.663104e+00	4.688544e+00	
16	4.640000e-07	-6.33689e+02	1.663298e+00	4.702424e+00	
17	5.140000e-07	-2.09005e+03	1.663483e+00	4.715681e+00	
18	5.640000e-07	-3.48098e+03	1.663661e+00	4.728342e+00	
19	6.140000e-07	-4.80943e+03	1.663831e+00	4.740434e+00	
20	6.640000e-07	-6.07819e+03	1.663993e+00	4.751983e+00	
21	7.140000e-07	-7.28996e+03	1.664149e+00	4.763013e+00	
22	7.640000e-07	-8.44729e+03	1.664298e+00	4.773548e+00	
23	8.140000e-07	-9.55262e+03	1.664441e+00	4.783609e+00	
24	8.640000e-07	-1.06083e+04	1.664578e+00	4.793219e+00	
25	9.140000e-07	-1.16165e+04	1.664709e+00	4.802397e+00	
26	9.640000e-07	-1.25795e+04	1.664835e+00	4.811162e+00	
27	1.014000e-06	-1.34992e+04	1.664955e+00	4.819534e+00	
28	1.064000e-06	-1.43776e+04	1.665071e+00	4.827530e+00	
29	1.114000e-06	-1.52165e+04	1.665181e+00	4.835166e+00	
30	1.164000e-06	-1.60177e+04	1.665287e+00	4.842460e+00	
31	1.214000e-06	-1.67829e+04	1.665389e+00	4.849425e+00	
32	1.215002e-06	-1.67979e+04	1.665391e+00	4.849562e+00	
33	1.215102e-06	-1.67994e+04	1.665391e+00	4.826123e+00	
34	1.215302e-06	-1.67975e+04	1.665391e+00	6.607867e-02	
35	1.215702e-06	-1.67844e+04	1.665390e+00	4.186906e-02	
36	1.216002e-06	-1.67744e+04	1.665388e+00	3.574514e-02	
37	1.216082e-06	-1.67718e+04	1.665388e+00	3.574513e-02	
38	1.216242e-06	-1.67665e+04	1.665387e+00	3.574550e-02	
39	1.216562e-06	-1.67559e+04	1.665386e+00	3.574524e-02	
40	1.217202e-06	-1.67347e+04	1.665384e+00	3.574471e-02	
41	1.218482e-06	-1.66924e+04	1.665378e+00	3.574366e-02	
42	1.221042e-06	-1.66080e+04	1.665368e+00	3.574156e-02	
43	1.226162e-06	-1.64397e+04	1.665348e+00	3.573739e-02	
44	1.236402e-06	-1.61058e+04	1.665307e+00	3.572909e-02	
45	1.256882e-06	-1.54482e+04	1.665227e+00	3.571275e-02	
46	1.297842e-06	-1.41730e+04	1.665073e+00	3.568103e-02	
47	1.347842e-06	-1.26861e+04	1.664892e+00	3.564401e-02	
48	1.397842e-06	-1.12725e+04	1.664721e+00	3.560876e-02	
49	1.447842e-06	-9.92840e+03	1.664558e+00	3.557520e-02	
50	1.497842e-06	-8.65052e+03	1.664403e+00	3.554326e-02	
51	1.547842e-06	-7.43558e+03	1.664255e+00	3.551287e-02	
52	1.597842e-06	-6.28046e+03	1.664115e+00	3.548393e-02	
53	1.647842e-06	-5.18223e+03	1.663982e+00	3.545640e-02	
54	1.697842e-06	-4.13808e+03	1.663855e+00	3.543019e-02	

Index   time            x1.20           x1.23           x1.qnom         
--------------------------------------------------------------------------------
55	1.747842e-06	-3.14535e+03	1.663735e+00	3.540526e-02	
56	1.797842e-06	-2.20150e+03	1.663620e+00	3.538153e-02	
57	1.847842e-06	-1.30413e+03	1.663511e+00	3.535895e-02	
58	1.897842e-06	-4.50954e+02	1.663408e+00	3.533747e-02	
59	1.947842e-06	3.602092e+02	1.663309e+00	3.531703e-02	
60	1.948844e-06	3.760465e+02	1.663307e+00	3.531663e-02	
61	1.948944e-06	3.776245e+02	1.663307e+00	3.693676e-02	
62	1.949144e-06	3.807758e+02	1.663307e+00	4.132782e-02	
63	1.949544e-06	3.870199e+02	1.663306e+00	6.529242e-02	
64	1.949844e-06	3.847332e+02	1.663306e+00	4.693167e+00	
65	1.949924e-06	3.822749e+02	1.663306e+00	4.693189e+00	
66	1.950084e-06	3.773586e+02	1.663307e+00	4.693234e+00	
67	1.950404e-06	3.675282e+02	1.663308e+00	4.693323e+00	
68	1.951044e-06	3.478760e+02	1.663311e+00	4.693502e+00	
69	1.952324e-06	3.086063e+02	1.663316e+00	4.693860e+00	
70	1.954884e-06	2.302053e+02	1.663326e+00	4.694573e+00	
71	1.960004e-06	7.395555e+01	1.663346e+00	4.695995e+00	
72	1.970244e-06	-2.36348e+02	1.663385e+00	4.698820e+00	
73	1.990724e-06	-8.48276e+02	1.663463e+00	4.704390e+00	
74	2.031684e-06	-2.03821e+03	1.663614e+00	4.715221e+00	
75	2.081684e-06	-3.43142e+03	1.663792e+00	4.727903e+00	
76	2.131684e-06	-4.76203e+03	1.663961e+00	4.740015e+00	
77	2.181684e-06	-6.03287e+03	1.664124e+00	4.751583e+00	
78	2.231684e-06	-7.24661e+03	1.664280e+00	4.762631e+00	
79	2.281684e-06	-8.40583e+03	1.664429e+00	4.773183e+00	
80	2.331684e-06	-9.51296e+03	1.664572e+00	4.783261e+00	
81	2.381684e-06	-1.05704e+04	1.664709e+00	4.792886e+00	
82	2.431684e-06	-1.15803e+04	1.664840e+00	4.802079e+00	
83	2.481684e-06	-1.25448e+04	1.664966e+00	4.810859e+00	
84	2.531684e-06	-1.34660e+04	1.665086e+00	4.819244e+00	
85	2.581684e-06	-1.43458e+04	1.665202e+00	4.827253e+00	
86	2.631684e-06	-1.51861e+04	1.665312e+00	4.834902e+00	
87	2.681684e-06	-1.59886e+04	1.665418e+00	4.842207e+00	
88	2.731684e-06	-1.67551e+04	1.665520e+00	4.849184e+00	
89	2.732686e-06	-1.67701e+04	1.665522e+00	4.849321e+00	
90	2.732786e-06	-1.67715e+04	1.665522e+00	4.825882e+00	
91	2.732986e-06	-1.67697e+04	1.665522e+00	6.607743e-02	
92	2.733386e-06	-1.67566e+04	1.665520e+00	4.186826e-02	
93	2.733686e-06	-1.67466e+04	1.665519e+00	3.574449e-02	
94	2.733766e-06	-1.67440e+04	1.665519e+00	3.574448e-02	
95	2.733926e-06	-1.67387e+04	1.665518e+00	3.574484e-02	
96	2.734246e-06	-1.67281e+04	1.665517e+00	3.574458e-02	
97	2.734886e-06	-1.67070e+04	1.665514e+00	3.574406e-02	
98	2.736166e-06	-1.66647e+04	1.665509e+00	3.574301e-02	
99	2.738726e-06	-1.65803e+04	1.665499e+00	3.574091e-02	
100	2.743846e-06	-1.64122e+04	1.665479e+00	3.573674e-02	
101	2.754086e-06	-1.60785e+04	1.665438e+00	3.572845e-02	
102	2.774566e-06	-1.54215e+04	1.665358e+00	3.571212e-02	
103	2.815526e-06	-1.41473e+04	1.665204e+00	3.568043e-02	
104	2.865526e-06	-1.26616e+04	1.665023e+00	3.564343e-02	
105	2.915526e-06	-1.12491e+04	1.664852e+00	3.560821e-02	
106	2.965526e-06	-9.90613e+03	1.664688e+00	3.557468e-02	
107	3.015526e-06	-8.62930e+03	1.664533e+00	3.554277e-02	
108	3.065526e-06	-7.41533e+03	1.664386e+00	3.551239e-02	
109	3.115526e-06	-6.26115e+03	1.664246e+00	3.548348e-02	
110	3.165526e-06	-5.16381e+03	1.664112e+00	3.545597e-02	
111	3.215526e-06	-4.12050e+03	1.663985e+00	3.542979e-02	
112	3.265526e-06	-3.12857e+03	1.663865e+00	3.540487e-02	

Index   time            x1.20           x1.23           x1.qnom         
--------------------------------------------------------------------------------
113	3.315526e-06	-2.18549e+03	1.663750e+00	3.538116e-02	
114	3.365526e-06	-1.28885e+03	1.663641e+00	3.535860e-02	
115	3.415526e-06	-4.36362e+02	1.663537e+00	3.533713e-02	
116	3.465526e-06	3.741446e+02	1.663439e+00	3.531671e-02	
117	3.466528e-06	3.899691e+02	1.663437e+00	3.531631e-02	
118	3.466628e-06	3.915459e+02	1.663437e+00	3.693643e-02	
119	3.466828e-06	3.946946e+02	1.663436e+00	4.132743e-02	
120	3.467228e-06	4.009335e+02	1.663435e+00	6.529182e-02	
121	3.467528e-06	3.986432e+02	1.663436e+00	4.693052e+00	
122	3.467608e-06	3.961840e+02	1.663436e+00	4.693074e+00	
123	3.467768e-06	3.912658e+02	1.663437e+00	4.693119e+00	
124	3.468088e-06	3.814317e+02	1.663438e+00	4.693209e+00	
125	3.468728e-06	3.617721e+02	1.663440e+00	4.693388e+00	
126	3.470008e-06	3.224875e+02	1.663445e+00	4.693745e+00	
127	3.472568e-06	2.440568e+02	1.663455e+00	4.694459e+00	
128	3.477688e-06	8.774786e+01	1.663475e+00	4.695882e+00	
129	3.487928e-06	-2.22674e+02	1.663515e+00	4.698707e+00	
130	3.508408e-06	-8.34833e+02	1.663592e+00	4.704280e+00	
131	3.549368e-06	-2.02522e+03	1.663743e+00	4.715115e+00	
132	3.599368e-06	-3.41895e+03	1.663921e+00	4.727801e+00	
133	3.649368e-06	-4.75007e+03	1.664091e+00	4.739918e+00	
134	3.699368e-06	-6.02139e+03	1.664253e+00	4.751490e+00	
135	3.749368e-06	-7.23559e+03	1.664409e+00	4.762543e+00	
136	3.799368e-06	-8.39525e+03	1.664558e+00	4.773098e+00	
137	3.849368e-06	-9.50281e+03	1.664701e+00	4.783180e+00	
138	3.899368e-06	-1.05606e+04	1.664838e+00	4.792809e+00	
139	3.949368e-06	-1.15709e+04	1.664969e+00	4.802005e+00	
140	3.999368e-06	-1.25358e+04	1.665094e+00	4.810788e+00	
141	4.049368e-06	-1.34573e+04	1.665214e+00	4.819177e+00	
142	4.099368e-06	-1.43375e+04	1.665330e+00	4.827189e+00	
143	4.149368e-06	-1.51781e+04	1.665440e+00	4.834840e+00	
144	4.199368e-06	-1.59809e+04	1.665546e+00	4.842149e+00	
145	4.249368e-06	-1.67476e+04	1.665647e+00	4.849128e+00	
146	4.250370e-06	-1.67627e+04	1.665649e+00	4.849265e+00	
147	4.250470e-06	-1.67641e+04	1.665650e+00	4.825827e+00	
148	4.250670e-06	-1.67623e+04	1.665649e+00	6.607714e-02	
149	4.251070e-06	-1.67492e+04	1.665648e+00	4.186808e-02	
150	4.251370e-06	-1.67392e+04	1.665647e+00	3.574434e-02	
151	4.251450e-06	-1.67366e+04	1.665646e+00	3.574432e-02	
152	4.251610e-06	-1.67313e+04	1.665646e+00	3.574469e-02	
153	4.251930e-06	-1.67207e+04	1.665644e+00	3.574443e-02	
154	4.252570e-06	-1.66996e+04	1.665642e+00	3.574390e-02	
155	4.253850e-06	-1.66573e+04	1.665637e+00	3.574285e-02	
156	4.256410e-06	-1.65729e+04	1.665626e+00	3.574076e-02	
157	4.261530e-06	-1.64048e+04	1.665606e+00	3.573659e-02	
158	4.271770e-06	-1.60713e+04	1.665565e+00	3.572830e-02	
159	4.292250e-06	-1.54143e+04	1.665486e+00	3.571197e-02	
160	4.333210e-06	-1.41404e+04	1.665331e+00	3.568029e-02	
161	4.383210e-06	-1.26550e+04	1.665150e+00	3.564330e-02	
162	4.433210e-06	-1.12427e+04	1.664978e+00	3.560808e-02	
163	4.483210e-06	-9.90003e+03	1.664815e+00	3.557456e-02	
164	4.533210e-06	-8.62343e+03	1.664660e+00	3.554265e-02	
165	4.583210e-06	-7.40970e+03	1.664512e+00	3.551228e-02	
166	4.633210e-06	-6.25573e+03	1.664372e+00	3.548338e-02	
167	4.683210e-06	-5.15860e+03	1.664238e+00	3.545587e-02	
168	4.733210e-06	-4.11549e+03	1.664111e+00	3.542969e-02	
169	4.783210e-06	-3.12374e+03	1.663990e+00	3.540478e-02	
170	4.833210e-06	-2.18084e+03	1.663876e+00	3.538108e-02	

Index   time            x1.20           x1.23           x1.qnom         
--------------------------------------------------------------------------------
171	4.883210e-06	-1.28437e+03	1.663766e+00	3.535852e-02	
172	4.933210e-06	-4.32044e+02	1.663662e+00	3.533706e-02	
173	4.983210e-06	3.783094e+02	1.663564e+00	3.531664e-02	
174	4.984212e-06	3.941309e+02	1.663562e+00	3.531624e-02	
175	4.984312e-06	3.957074e+02	1.663562e+00	3.693635e-02	
176	4.984512e-06	3.988555e+02	1.663561e+00	4.132734e-02	
177	4.984912e-06	4.050932e+02	1.663560e+00	6.529168e-02	
178	4.985212e-06	4.028021e+02	1.663561e+00	4.693025e+00	
179	4.985292e-06	4.003426e+02	1.663561e+00	4.693048e+00	
180	4.985452e-06	3.954240e+02	1.663562e+00	4.693093e+00	
181	4.985772e-06	3.855890e+02	1.663563e+00	4.693182e+00	
182	4.986412e-06	3.659276e+02	1.663565e+00	4.693361e+00	
183	4.987692e-06	3.266396e+02	1.663570e+00	4.693719e+00	
184	4.990252e-06	2.482020e+02	1.663580e+00	4.694433e+00	
185	4.995372e-06	9.187913e+01	1.663600e+00	4.695856e+00	
186	5.000000e-06	-4.87904e+01	1.663618e+00	4.697136e+00	
